740.0 13.2 29.0 12.0
745.0 13.4 29.5 12.5
750.0 13.6 30.0 13.0
755.0 13.8 30.5 13.5
760.0 14.0 31.0 14.0
765.0 14.2 31.5 14.5
770.0 14.4 32.0 15.0
775.0 14.6 32.5 15.5
780.0 14.8 33.0 16.0
785.0 15.0 33.5 16.5
790.0 15.2 34.0 17.0
795.0 15.4 34.5 17.5
800.0 15.6 35.0 18.0
805.0 15.8 35.5 18.5
810.0 16.0 36.0 19.0
815.0 16.2 36.5 19.5
820.0 16.4 37.0 20.0
825.0 16.6 37.5 20.5
830.0 16.8 38.0 21.0
835.0 17.0 38.5 21.5
840.0 17.2 39.0 22.0
845.0 17.4 39.5 22.5
850.0 17.6 40.0 23.0
855.0 17.8 40.5 23.5
860.0 18.0 41.0 24.0
865.0 18.2 41.5 24.5
870.0 18.4 42.0 25.0
875.0 18.6 42.5 25.5
880.0 18.8 43.0 26.0
885.0 19.0 43.5 26.5
