710.0 12.3 26.0 10.5
715.0 12.5 26.5 11.0
720.0 12.7 27.0 11.5
725.0 12.9 27.5 12.0
730.0 13.1 28.0 12.5
735.0 13.3 28.5 13.0
740.0 13.5 29.0 13.5
745.0 13.7 29.5 14.0
750.0 13.9 30.0 14.5
755.0 14.1 30.5 15.0
760.0 14.3 31.0 15.5
765.0 14.5 31.5 16.0
770.0 14.7 32.0 16.5
775.0 14.9 32.5 17.0
780.0 15.1 33.0 17.5
785.0 15.3 33.5 18.0
790.0 15.5 34.0 18.5
795.0 15.7 34.5 19.0
800.0 15.9 35.0 19.5
805.0 16.1 35.5 20.0
810.0 16.3 36.0 20.5
815.0 16.5 36.5 21.0
820.0 16.7 37.0 21.5
825.0 16.9 37.5 22.0
830.0 17.1 38.0 22.5
835.0 17.3 38.5 23.0
840.0 17.5 39.0 23.5
845.0 17.7 39.5 24.0
850.0 17.9 40.0 24.5
855.0 18.1 40.5 25.0
