720.0 12.6 27.0 11.0
725.0 12.8 27.5 11.5
730.0 13.0 28.0 12.0
735.0 13.2 28.5 12.5
740.0 13.4 29.0 13.0
745.0 13.6 29.5 13.5
750.0 13.8 30.0 14.0
755.0 14.0 30.5 14.5
760.0 14.2 31.0 15.0
765.0 14.4 31.5 15.5
770.0 14.6 32.0 16.0
775.0 14.8 32.5 16.5
780.0 15.0 33.0 17.0
785.0 15.2 33.5 17.5
790.0 15.4 34.0 18.0
795.0 15.6 34.5 18.5
800.0 15.8 35.0 19.0
805.0 16.0 35.5 19.5
810.0 16.2 36.0 20.0
815.0 16.4 36.5 20.5
820.0 16.6 37.0 21.0
825.0 16.8 37.5 21.5
830.0 17.0 38.0 22.0
835.0 17.2 38.5 22.5
840.0 17.4 39.0 23.0
845.0 17.6 39.5 23.5
850.0 17.8 40.0 24.0
855.0 18.0 40.5 24.5
860.0 18.2 41.0 25.0
865.0 18.4 41.5 25.5
