730.0 12.9 28.0 11.5
735.0 13.1 28.5 12.0
740.0 13.3 29.0 12.5
745.0 13.5 29.5 13.0
750.0 13.7 30.0 13.5
755.0 13.9 30.5 14.0
760.0 14.1 31.0 14.5
765.0 14.3 31.5 15.0
770.0 14.5 32.0 15.5
775.0 14.7 32.5 16.0
780.0 14.9 33.0 16.5
785.0 15.1 33.5 17.0
790.0 15.3 34.0 17.5
795.0 15.5 34.5 18.0
800.0 15.7 35.0 18.5
805.0 15.9 35.5 19.0
810.0 16.1 36.0 19.5
815.0 16.3 36.5 20.0
820.0 16.5 37.0 20.5
825.0 16.7 37.5 21.0
830.0 16.9 38.0 21.5
835.0 17.1 38.5 22.0
840.0 17.3 39.0 22.5
845.0 17.5 39.5 23.0
850.0 17.7 40.0 23.5
855.0 17.9 40.5 24.0
860.0 18.1 41.0 24.5
865.0 18.3 41.5 25.0
870.0 18.5 42.0 25.5
875.0 18.7 42.5 26.0
