700.0 12.0 25.0 10.0
705.0 12.2 25.5 10.5
710.0 12.4 26.0 11.0
715.0 12.6 26.5 11.5
720.0 12.8 27.0 12.0
725.0 13.0 27.5 12.5
730.0 13.2 28.0 13.0
735.0 13.4 28.5 13.5
740.0 13.6 29.0 14.0
745.0 13.8 29.5 14.5
750.0 14.0 30.0 15.0
755.0 14.2 30.5 15.5
760.0 14.4 31.0 16.0
765.0 14.6 31.5 16.5
770.0 14.8 32.0 17.0
775.0 15.0 32.5 17.5
780.0 15.2 33.0 18.0
785.0 15.4 33.5 18.5
790.0 15.6 34.0 19.0
795.0 15.8 34.5 19.5
800.0 16.0 35.0 20.0
805.0 16.2 35.5 20.5
810.0 16.4 36.0 21.0
815.0 16.6 36.5 21.5
820.0 16.8 37.0 22.0
825.0 17.0 37.5 22.5
830.0 17.2 38.0 23.0
835.0 17.4 38.5 23.5
840.0 17.6 39.0 24.0
845.0 17.8 39.5 24.5
