Reporte de contaminacion y predicciones

Zona 1:
Datos historicos (ultimos 30 dias):
Dia	CO2	SO2	NO2	PM2.5
1	700.00	12.00	25.00	10.00
2	705.00	12.20	25.50	10.50
3	710.00	12.40	26.00	11.00
4	715.00	12.60	26.50	11.50
5	720.00	12.80	27.00	12.00
6	725.00	13.00	27.50	12.50
7	730.00	13.20	28.00	13.00
8	735.00	13.40	28.50	13.50
9	740.00	13.60	29.00	14.00
10	745.00	13.80	29.50	14.50
11	750.00	14.00	30.00	15.00
12	755.00	14.20	30.50	15.50
13	760.00	14.40	31.00	16.00
14	765.00	14.60	31.50	16.50
15	770.00	14.80	32.00	17.00
16	775.00	15.00	32.50	17.50
17	780.00	15.20	33.00	18.00
18	785.00	15.40	33.50	18.50
19	790.00	15.60	34.00	19.00
20	795.00	15.80	34.50	19.50
21	800.00	16.00	35.00	20.00
22	805.00	16.20	35.50	20.50
23	810.00	16.40	36.00	21.00
24	815.00	16.60	36.50	21.50
25	820.00	16.80	37.00	22.00
26	825.00	17.00	37.50	22.50
27	830.00	17.20	38.00	23.00
28	835.00	17.40	38.50	23.50
29	840.00	17.60	39.00	24.00
30	845.00	17.80	39.50	24.50
Prediccion para las proximas 24 horas:
CO2: 796.67, SO2: 15.87, NO2: 34.67, PM2.5: 19.67

Zona 2:
Datos historicos (ultimos 30 dias):
Dia	CO2	SO2	NO2	PM2.5
1	710.00	12.30	26.00	10.50
2	715.00	12.50	26.50	11.00
3	720.00	12.70	27.00	11.50
4	725.00	12.90	27.50	12.00
5	730.00	13.10	28.00	12.50
6	735.00	13.30	28.50	13.00
7	740.00	13.50	29.00	13.50
8	745.00	13.70	29.50	14.00
9	750.00	13.90	30.00	14.50
10	755.00	14.10	30.50	15.00
11	760.00	14.30	31.00	15.50
12	765.00	14.50	31.50	16.00
13	770.00	14.70	32.00	16.50
14	775.00	14.90	32.50	17.00
15	780.00	15.10	33.00	17.50
16	785.00	15.30	33.50	18.00
17	790.00	15.50	34.00	18.50
18	795.00	15.70	34.50	19.00
19	800.00	15.90	35.00	19.50
20	805.00	16.10	35.50	20.00
21	810.00	16.30	36.00	20.50
22	815.00	16.50	36.50	21.00
23	820.00	16.70	37.00	21.50
24	825.00	16.90	37.50	22.00
25	830.00	17.10	38.00	22.50
26	835.00	17.30	38.50	23.00
27	840.00	17.50	39.00	23.50
28	845.00	17.70	39.50	24.00
29	850.00	17.90	40.00	24.50
30	855.00	18.10	40.50	25.00
Prediccion para las proximas 24 horas:
CO2: 806.67, SO2: 16.17, NO2: 35.67, PM2.5: 20.17

Zona 3:
Datos historicos (ultimos 30 dias):
Dia	CO2	SO2	NO2	PM2.5
1	720.00	12.60	27.00	11.00
2	725.00	12.80	27.50	11.50
3	730.00	13.00	28.00	12.00
4	735.00	13.20	28.50	12.50
5	740.00	13.40	29.00	13.00
6	745.00	13.60	29.50	13.50
7	750.00	13.80	30.00	14.00
8	755.00	14.00	30.50	14.50
9	760.00	14.20	31.00	15.00
10	765.00	14.40	31.50	15.50
11	770.00	14.60	32.00	16.00
12	775.00	14.80	32.50	16.50
13	780.00	15.00	33.00	17.00
14	785.00	15.20	33.50	17.50
15	790.00	15.40	34.00	18.00
16	795.00	15.60	34.50	18.50
17	800.00	15.80	35.00	19.00
18	805.00	16.00	35.50	19.50
19	810.00	16.20	36.00	20.00
20	815.00	16.40	36.50	20.50
21	820.00	16.60	37.00	21.00
22	825.00	16.80	37.50	21.50
23	830.00	17.00	38.00	22.00
24	835.00	17.20	38.50	22.50
25	840.00	17.40	39.00	23.00
26	845.00	17.60	39.50	23.50
27	850.00	17.80	40.00	24.00
28	855.00	18.00	40.50	24.50
29	860.00	18.20	41.00	25.00
30	865.00	18.40	41.50	25.50
Prediccion para las proximas 24 horas:
CO2: 816.67, SO2: 16.47, NO2: 36.67, PM2.5: 20.67

Zona 4:
Datos historicos (ultimos 30 dias):
Dia	CO2	SO2	NO2	PM2.5
1	730.00	12.90	28.00	11.50
2	735.00	13.10	28.50	12.00
3	740.00	13.30	29.00	12.50
4	745.00	13.50	29.50	13.00
5	750.00	13.70	30.00	13.50
6	755.00	13.90	30.50	14.00
7	760.00	14.10	31.00	14.50
8	765.00	14.30	31.50	15.00
9	770.00	14.50	32.00	15.50
10	775.00	14.70	32.50	16.00
11	780.00	14.90	33.00	16.50
12	785.00	15.10	33.50	17.00
13	790.00	15.30	34.00	17.50
14	795.00	15.50	34.50	18.00
15	800.00	15.70	35.00	18.50
16	805.00	15.90	35.50	19.00
17	810.00	16.10	36.00	19.50
18	815.00	16.30	36.50	20.00
19	820.00	16.50	37.00	20.50
20	825.00	16.70	37.50	21.00
21	830.00	16.90	38.00	21.50
22	835.00	17.10	38.50	22.00
23	840.00	17.30	39.00	22.50
24	845.00	17.50	39.50	23.00
25	850.00	17.70	40.00	23.50
26	855.00	17.90	40.50	24.00
27	860.00	18.10	41.00	24.50
28	865.00	18.30	41.50	25.00
29	870.00	18.50	42.00	25.50
30	875.00	18.70	42.50	26.00
Prediccion para las proximas 24 horas:
CO2: 826.67, SO2: 16.77, NO2: 37.67, PM2.5: 21.17

Zona 5:
Datos historicos (ultimos 30 dias):
Dia	CO2	SO2	NO2	PM2.5
1	740.00	13.20	29.00	12.00
2	745.00	13.40	29.50	12.50
3	750.00	13.60	30.00	13.00
4	755.00	13.80	30.50	13.50
5	760.00	14.00	31.00	14.00
6	765.00	14.20	31.50	14.50
7	770.00	14.40	32.00	15.00
8	775.00	14.60	32.50	15.50
9	780.00	14.80	33.00	16.00
10	785.00	15.00	33.50	16.50
11	790.00	15.20	34.00	17.00
12	795.00	15.40	34.50	17.50
13	800.00	15.60	35.00	18.00
14	805.00	15.80	35.50	18.50
15	810.00	16.00	36.00	19.00
16	815.00	16.20	36.50	19.50
17	820.00	16.40	37.00	20.00
18	825.00	16.60	37.50	20.50
19	830.00	16.80	38.00	21.00
20	835.00	17.00	38.50	21.50
21	840.00	17.20	39.00	22.00
22	845.00	17.40	39.50	22.50
23	850.00	17.60	40.00	23.00
24	855.00	17.80	40.50	23.50
25	860.00	18.00	41.00	24.00
26	865.00	18.20	41.50	24.50
27	870.00	18.40	42.00	25.00
28	875.00	18.60	42.50	25.50
29	880.00	18.80	43.00	26.00
30	885.00	19.00	43.50	26.50
Prediccion para las proximas 24 horas:
CO2: 836.67, SO2: 17.07, NO2: 38.67, PM2.5: 21.67

